0,85.009995
1,88.880005
2,90.53
3,91.61
4,93.51
5,94.21
6,95.26
7,95.490005
8,95.590004
9,96.090004
10,95.82
11,96.83
12,96.93
13,96.81
14,96.25
15,97.07
16,96.060005
17,97.49
18,97.5
19,97.43
20,97.25
21,97.39
22,97.53
23,97.49
24,97.39
25,97.45
26,97.2
27,97.619995
28,97.479996
29,98.119995
30,97.5
31,97.759995
32,97.59
33,97.939995
34,97.869995
35,97.63
36,97.869995
37,97.5
38,97.96
39,97.869995
40,97.71
41,98.049995
42,97.88
43,98.329994
44,98.0
45,97.93
46,97.869995
47,97.95
48,98.09
49,97.689995
50,98.13
51,97.93
52,98.009995
53,98.18
54,98.14
55,98.17
56,98.07
57,98.14
58,97.93
59,98.11
60,98.13
61,98.38
62,98.39
63,98.09
64,98.35
65,98.189995
66,98.119995
67,98.27
68,98.329994
69,98.31
70,98.24
71,98.24
72,98.229996
73,98.299995
74,98.28
75,98.25
76,98.1
77,98.189995
78,98.27
79,98.32
80,98.15
81,98.17
82,98.21
83,98.21
84,98.36
85,98.31
86,98.45
87,98.369995
88,98.329994
89,98.29
90,98.299995
91,98.36
92,98.46
93,98.24
94,98.479996
95,98.369995
96,98.369995
97,98.369995
98,98.369995
99,98.38
100,98.42
101,98.47
102,98.46
103,98.229996
104,98.56
105,98.46
106,98.42
107,98.49
108,98.46
109,98.509995
110,98.61
111,98.409996
112,98.56
113,98.479996
114,98.54
115,98.509995
116,98.52
117,98.59
118,98.59
119,98.64
120,98.57
121,98.549995
122,98.57
123,98.6
124,98.61
125,98.6
126,98.6
127,98.64
128,98.59
129,98.5
130,98.57
131,98.58
132,98.58
133,98.61
134,98.659996
135,98.71
136,98.65
137,98.63
138,98.65
139,98.58
140,98.64
141,98.619995
142,98.619995
143,98.6
144,98.619995
145,98.63
146,98.63
147,98.619995
148,98.63
149,98.63
0,18.9
1,21.24
2,21.87
3,22.220001
4,22.11
5,22.66
6,22.2
7,23.36
8,22.04
9,23.119999
10,23.45
11,22.84
12,23.77
13,23.41
14,22.74
15,21.74
16,23.39
17,23.42
18,21.81
19,22.91
20,22.5
21,21.289999
22,19.99
23,21.09
24,21.88
25,21.46
26,20.800001
27,22.37
28,21.42
29,22.33
30,21.82
31,22.550001
32,22.12
33,23.17
34,22.08
35,22.14
36,22.02
37,22.34
38,21.259998
39,21.88
40,22.14
41,22.01
42,21.48
43,21.3
44,21.39
45,21.77
46,20.58
47,20.77
48,22.92
49,22.41
50,23.09
51,21.92
52,22.560001
53,22.96
54,22.58
55,21.539999
56,21.279999
57,21.57
58,21.43
59,20.880001
60,22.27
61,22.45
62,21.55
63,22.24
64,22.28
65,23.41
66,22.27
67,22.380001
68,21.16
69,22.33
70,21.42
71,21.41
72,20.41
73,21.189999
74,20.970001
75,21.06
76,20.01
77,19.92
78,20.69
79,20.99
80,20.05
81,20.94
82,20.630001
83,20.09
84,20.810001
85,18.46
86,20.78
87,21.22
88,22.210001
89,21.24
90,19.6
91,20.87
92,21.5
93,19.8
94,20.41
95,20.16
96,20.58
97,20.02
98,20.26
99,20.16
100,21.9
101,19.83
102,20.23
103,20.18
104,20.460001
105,20.19
106,20.32
107,19.8
108,19.44
109,20.07
110,19.35
111,19.83
112,19.390001
113,20.21
114,19.8
115,20.029999
116,19.81
117,20.13
118,20.18
119,18.449999
120,20.16
121,19.75
122,19.66
123,19.49
124,19.619999
125,19.210001
126,19.07
127,20.02
128,20.11
129,19.85
130,20.39
131,19.96
132,19.82
133,20.11
134,19.769999
135,20.57
136,19.949999
137,20.13
138,20.29
139,20.18
140,20.36
141,20.08
142,20.1
143,20.13
144,20.15
145,20.13
146,20.18
147,20.2
148,20.119999
149,20.1
